0 1 115 0
1 1 5 0
2 1 42 0
3 1 107 0
4 1 37 0
5 1 115 0
6 1 1 0
7 1 114 0
8 1 2 0
9 1 115 0
10 1 15 0
11 2 18 0
12 9 10 0
13 13 13 0
14 14 14 0
15 14 16 0
16 16 17 0
17 18 115 0
18 19 19 0
19 20 20 0
20 22 22 0
21 22 22 0
22 22 22 0
23 25 26 0
24 26 26 0
25 29 30 0
26 29 31 0
27 29 29 0
28 30 32 0
29 32 32 0
30 33 33 0
31 34 34 0
32 38 38 0
33 39 39 0
34 40 40 0
35 42 42 0
36 42 42 0
37 43 43 0
38 44 45 0
39 45 45 0
40 45 48 0
41 46 68 0
42 48 48 0
43 49 49 0
44 49 49 0
45 50 50 0
46 50 50 0
47 52 52 0
48 54 54 0
49 54 54 0
50 55 55 0
51 56 56 0
52 58 71 0
53 59 59 0
54 60 62 0
55 66 66 0
56 69 97 0
57 69 69 0
58 70 70 0
59 71 115 0
60 71 115 0
61 72 72 0
62 73 73 0
63 73 73 0
64 75 75 0
65 75 75 0
66 77 77 0
67 81 81 0
68 84 85 0
69 84 84 0
70 86 86 0
71 87 87 0
72 92 92 0
73 92 92 0
74 93 94 0
75 93 93 0
76 95 95 0
77 95 95 0
78 95 114 0
79 96 96 0
80 96 96 0
81 97 97 0
82 97 97 0
83 98 98 0
84 98 98 0
85 99 99 0
86 100 100 0
87 100 105 0
88 100 100 0
89 100 100 0
90 100 100 0
91 101 101 0
92 101 101 0
93 101 101 0
94 102 102 0
95 103 103 0
96 103 103 0
97 104 104 0
98 104 114 0
99 104 104 0
100 104 104 0
101 105 105 0
102 106 106 0
103 106 106 0
104 106 106 0
105 108 108 0
106 108 108 0
107 108 108 0
108 109 109 0
109 109 109 0
110 109 109 0
111 109 109 0
112 109 109 0
113 110 110 0
114 110 111 0
115 110 110 0
116 110 110 0
117 111 111 0
118 111 111 0
119 111 111 0
120 111 111 0
121 112 113 0
122 112 112 0
123 112 112 0
124 112 112 0
125 113 113 0
126 113 113 0
127 113 113 0
128 113 113 0
129 114 114 0
130 114 114 0
131 114 114 0
132 114 114 0
133 114 114 0
134 115 115 0
135 115 115 0
136 115 115 0
137 115 115 0
138 115 115 0
139 115 115 0
140 115 115 0
