0 1 95 0 
1 1 149 0 
2 1 150 0 
3 1 147 0 
4 1 149 0 
5 1 150 0 
6 1 150 0 
7 1 39 0 
8 16 150 0 
9 26 148 0 
10 27 150 0 
11 29 140 0 
12 31 34 0 
13 38 150 0 
14 40 150 0 
15 48 150 0 
16 50 50 0 
17 56 149 0 
18 56 56 0 
19 64 76 0 
20 75 150 0 
21 75 149 0 
22 78 91 0 
23 84 149 0 
24 84 110 0 
25 84 147 0 
26 85 150 0 
27 86 150 0 
28 86 150 0 
29 86 147 0 
30 86 150 0 
31 89 90 0 
32 95 150 0 
33 97 112 0 
34 98 98 0 
35 100 100 0 
36 101 150 0 
37 101 101 0 
38 105 150 0 
39 107 150 0 
40 107 116 0 
41 109 149 0 
42 114 150 0 
43 115 121 0 
44 117 149 0 
45 130 150 0 
46 132 135 0 
47 133 150 0 
48 134 149 0 
49 135 149 0 
50 135 150 0 
51 136 150 0 
52 139 150 0 
53 140 150 0 
54 141 150 0 
55 142 150 0 
56 142 145 0 
57 143 150 0 
58 143 150 0 
59 143 150 0 
60 144 150 0 
61 144 150 0 
62 144 150 0 
63 146 146 0 
64 146 150 0 
65 147 150 0 
66 149 150 0 
67 149 150 0 
68 150 150 0 
0 1 95 0 
1 1 149 0 
2 1 150 0 
3 1 147 0 
4 1 149 0 
5 1 150 0 
6 1 150 0 
7 1 39 0 
8 16 150 0 
9 26 148 0 
10 27 150 0 
11 29 140 0 
12 31 34 0 
13 38 150 0 
14 40 150 0 
15 48 150 0 
16 50 50 0 
17 56 149 0 
18 56 56 0 
19 64 76 0 
20 75 150 0 
21 75 149 0 
22 78 91 0 
23 84 149 0 
24 84 110 0 
25 84 147 0 
26 85 150 0 
27 86 150 0 
28 86 150 0 
29 86 147 0 
30 86 150 0 
31 89 90 0 
32 95 150 0 
33 97 112 0 
34 98 98 0 
35 100 100 0 
36 101 150 0 
37 101 101 0 
38 105 150 0 
39 107 150 0 
40 107 116 0 
41 109 149 0 
42 114 150 0 
43 115 121 0 
44 117 149 0 
45 130 150 0 
46 132 135 0 
47 133 150 0 
48 134 149 0 
49 135 149 0 
50 135 150 0 
51 136 150 0 
52 139 150 0 
53 140 150 0 
54 141 150 0 
55 142 150 0 
56 142 145 0 
57 143 150 0 
58 143 150 0 
59 143 150 0 
60 144 150 0 
61 144 150 0 
62 144 150 0 
63 146 146 0 
64 146 150 0 
65 147 150 0 
66 149 150 0 
67 149 150 0 
68 150 150 0 
0 1 95 0
1 1 149 0
2 1 150 0
3 1 147 0
4 1 149 0
5 1 150 0
6 1 150 0
7 1 39 0
8 16 150 0
9 26 148 0
10 27 150 0
11 29 140 0
12 31 34 0
13 38 150 0
14 40 150 0
15 48 150 0
16 50 50 0
17 56 149 0
18 56 56 0
19 64 76 0
20 75 150 0
21 75 149 0
22 78 91 0
23 84 149 0
24 84 110 0
25 84 147 0
26 85 150 0
27 86 150 0
28 86 150 0
29 86 147 0
30 86 150 0
31 89 90 0
32 95 150 0
33 97 112 0
34 98 98 0
35 100 100 0
36 101 150 0
37 101 101 0
38 105 150 0
39 107 150 0
40 107 116 0
41 109 149 0
42 114 150 0
43 115 121 0
44 117 149 0
45 130 150 0
46 132 135 0
47 133 150 0
48 134 149 0
49 135 149 0
50 135 150 0
51 136 150 0
52 139 150 0
53 140 150 0
54 141 150 0
55 142 150 0
56 142 145 0
57 143 150 0
58 143 150 0
59 143 150 0
60 144 150 0
61 144 150 0
62 144 150 0
63 146 146 0
64 146 150 0
65 147 150 0
66 149 150 0
67 149 150 0
68 150 150 0
0 1 95 0
1 1 149 0
2 1 150 0
3 1 147 0
4 1 149 0
5 1 150 0
6 1 150 0
7 1 39 0
8 16 150 0
9 26 148 0
10 27 150 0
11 29 140 0
12 31 34 0
13 38 150 0
14 40 150 0
15 48 150 0
16 50 50 0
17 56 149 0
18 56 56 0
19 64 76 0
20 75 150 0
21 75 149 0
22 78 91 0
23 84 149 0
24 84 110 0
25 84 147 0
26 85 150 0
27 86 150 0
28 86 150 0
29 86 147 0
30 86 150 0
31 89 90 0
32 95 150 0
33 97 112 0
34 98 98 0
35 100 100 0
36 101 150 0
37 101 101 0
38 105 150 0
39 107 150 0
40 107 116 0
41 109 149 0
42 114 150 0
43 115 121 0
44 117 149 0
45 130 150 0
46 132 135 0
47 133 150 0
48 134 149 0
49 135 149 0
50 135 150 0
51 136 150 0
52 139 150 0
53 140 150 0
54 141 150 0
55 142 150 0
56 142 145 0
57 143 150 0
58 143 150 0
59 143 150 0
60 144 150 0
61 144 150 0
62 144 150 0
63 146 146 0
64 146 150 0
65 147 150 0
66 149 150 0
67 149 150 0
68 150 150 0
0 1 95 0
1 1 149 0
2 1 150 0
3 1 147 0
4 1 149 0
5 1 150 0
6 1 150 0
7 1 39 0
8 16 150 0
9 26 148 0
10 27 150 0
11 29 140 0
12 31 34 0
13 38 150 0
14 40 150 0
15 48 150 0
16 50 50 0
17 56 149 0
18 56 56 0
19 64 76 0
20 75 150 0
21 75 149 0
22 78 91 0
23 84 149 0
24 84 110 0
25 84 147 0
26 85 150 0
27 86 150 0
28 86 150 0
29 86 147 0
30 86 150 0
31 89 90 0
32 95 150 0
33 97 112 0
34 98 98 0
35 100 100 0
36 101 150 0
37 101 101 0
38 105 150 0
39 107 150 0
40 107 116 0
41 109 149 0
42 114 150 0
43 115 121 0
44 117 149 0
45 130 150 0
46 132 135 0
47 133 150 0
48 134 149 0
49 135 149 0
50 135 150 0
51 136 150 0
52 139 150 0
53 140 150 0
54 141 150 0
55 142 150 0
56 142 145 0
57 143 150 0
58 143 150 0
59 143 150 0
60 144 150 0
61 144 150 0
62 144 150 0
63 146 146 0
64 146 150 0
65 147 150 0
66 149 150 0
67 149 150 0
68 150 150 0
