0 1 4 0
1 1 5 0
2 1 48 0
3 1 2 0
4 1 9 0
5 1 22 0
6 1 35 0
7 1 9 0
8 1 36 0
9 1 14 0
10 1 15 0
11 1 6 0
12 1 10 0
13 1 91 0
14 1 92 0
15 1 15 0
16 1 1 0
17 1 25 0
18 1 31 0
19 1 15 0
20 1 91 0
21 1 1 0
22 1 92 0
23 1 1 0
24 1 28 0
25 1 91 0
26 1 28 0
27 1 1 0
28 1 22 0
29 1 77 0
30 1 41 0
31 1 1 0
32 1 20 0
33 1 19 0
34 1 3 0
35 1 28 0
36 1 48 0
37 1 1 0
38 1 14 0
39 1 40 0
40 1 1 0
41 1 1 0
42 1 1 0
43 1 92 0
44 1 21 0
45 1 92 0
46 1 31 0
47 1 92 0
48 1 15 0
49 1 18 0
50 1 89 0
51 1 19 0
52 1 19 0
53 1 20 0
54 1 91 0
55 1 16 0
56 1 7 0
57 1 16 0
58 1 45 0
59 1 1 0
60 1 13 0
61 1 8 0
62 1 65 0
63 1 1 0
64 1 26 0
65 1 81 0
66 1 19 0
67 1 56 0
68 1 8 0
69 1 92 0
70 1 17 0
71 1 27 0
72 1 91 0
73 1 12 0
74 1 1 0
75 1 22 0
76 1 4 0
77 1 63 0
78 1 91 0
79 1 2 0
80 1 27 0
81 1 29 0
82 1 92 0
83 1 1 0
84 1 91 0
85 1 92 0
86 1 92 0
87 1 12 0
88 1 20 0
89 1 1 0
90 1 49 0
91 1 50 0
92 1 40 0
93 1 36 0
94 1 1 0
95 1 92 0
96 1 59 0
97 1 3 0
98 1 4 0
99 1 40 0
100 1 35 0
101 1 92 0
102 1 18 0
103 1 15 0
104 1 4 0
105 1 4 0
106 1 22 0
107 1 1 0
108 1 5 0
109 1 52 0
110 1 3 0
111 1 18 0
112 1 39 0
113 1 1 0
114 1 25 0
115 1 37 0
116 1 91 0
117 1 12 0
118 1 10 0
119 1 4 0
120 1 86 0
121 1 4 0
122 1 20 0
123 1 25 0
124 1 15 0
125 1 91 0
126 1 38 0
127 1 1 0
128 1 37 0
129 1 41 0
130 1 92 0
131 1 40 0
132 1 23 0
133 1 20 0
134 1 3 0
135 1 12 0
136 2 2 0
137 2 31 0
138 2 91 0
139 2 41 0
140 2 22 0
141 2 2 0
142 2 19 0
143 2 2 0
144 2 92 0
145 2 2 0
146 2 29 0
147 2 2 0
148 2 2 0
149 2 2 0
150 2 21 0
151 2 2 0
152 2 2 0
153 2 2 0
154 2 2 0
155 2 2 0
156 2 45 0
157 2 11 0
158 2 91 0
159 2 31 0
160 2 33 0
161 2 91 0
162 3 3 0
163 3 3 0
164 3 3 0
165 3 3 0
166 3 19 0
167 3 3 0
168 3 3 0
169 3 3 0
170 3 3 0
171 3 3 0
172 3 3 0
173 3 14 0
174 3 3 0
175 3 3 0
176 3 3 0
177 3 3 0
178 3 33 0
179 3 92 0
180 3 3 0
181 4 4 0
182 4 4 0
183 4 14 0
184 4 4 0
185 4 4 0
186 4 33 0
187 4 4 0
188 4 4 0
189 4 4 0
190 4 4 0
191 4 4 0
192 4 4 0
193 4 4 0
194 4 4 0
195 4 4 0
196 4 91 0
197 4 91 0
198 4 4 0
199 4 5 0
200 5 38 0
201 5 6 0
202 5 5 0
203 5 6 0
204 5 5 0
205 5 5 0
206 5 5 0
207 5 34 0
208 5 5 0
209 5 5 0
210 5 5 0
211 5 5 0
212 5 5 0
213 5 5 0
214 5 33 0
215 5 92 0
216 5 5 0
217 5 5 0
218 5 42 0
219 5 17 0
220 5 92 0
221 5 89 0
222 5 92 0
223 5 92 0
224 5 5 0
225 6 7 0
226 6 55 0
227 6 6 0
228 6 6 0
229 6 6 0
230 6 6 0
231 6 6 0
232 6 6 0
233 6 6 0
234 6 6 0
235 6 6 0
236 6 6 0
237 6 15 0
238 6 6 0
239 6 73 0
240 6 64 0
241 6 39 0
242 6 42 0
243 6 39 0
244 6 6 0
245 6 34 0
246 6 6 0
247 6 8 0
248 7 92 0
249 7 56 0
250 7 32 0
251 7 11 0
252 7 31 0
253 7 7 0
254 7 38 0
255 7 92 0
256 7 7 0
257 7 7 0
258 7 7 0
259 7 7 0
260 7 92 0
261 7 7 0
262 7 7 0
263 7 7 0
264 7 38 0
265 7 7 0
266 7 7 0
267 7 7 0
268 7 33 0
269 7 7 0
270 8 19 0
271 8 8 0
272 8 8 0
273 8 8 0
274 8 8 0
275 8 8 0
276 8 8 0
277 8 8 0
278 8 8 0
279 8 8 0
280 8 37 0
281 8 8 0
282 8 13 0
283 8 57 0
284 8 8 0
285 9 9 0
286 9 9 0
287 9 49 0
288 9 9 0
289 9 9 0
290 9 9 0
291 9 9 0
292 9 9 0
293 9 9 0
294 9 9 0
295 9 92 0
296 9 90 0
297 9 72 0
298 9 42 0
299 9 47 0
300 9 92 0
301 9 9 0
302 9 10 0
303 9 9 0
304 9 9 0
305 10 12 0
306 10 14 0
307 10 10 0
308 10 10 0
309 10 10 0
310 10 10 0
311 10 10 0
312 10 10 0
313 10 10 0
314 10 10 0
315 10 10 0
316 10 10 0
317 10 10 0
318 10 92 0
319 10 10 0
320 11 15 0
321 11 16 0
322 11 42 0
323 11 91 0
324 11 11 0
325 11 11 0
326 11 11 0
327 11 11 0
328 11 11 0
329 11 11 0
330 11 11 0
331 11 11 0
332 11 11 0
333 11 38 0
334 11 40 0
335 11 11 0
336 12 15 0
337 12 12 0
338 12 12 0
339 12 12 0
340 12 12 0
341 12 12 0
342 12 12 0
343 12 12 0
344 12 12 0
345 12 12 0
346 12 12 0
347 12 46 0
348 12 12 0
349 12 46 0
350 12 12 0
351 12 29 0
352 13 13 0
353 13 13 0
354 13 41 0
355 13 13 0
356 13 15 0
357 13 13 0
358 13 13 0
359 13 45 0
360 13 13 0
361 13 24 0
362 13 13 0
363 13 13 0
364 13 63 0
365 13 13 0
366 13 50 0
367 13 13 0
368 13 14 0
369 13 92 0
370 13 49 0
371 13 21 0
372 13 13 0
373 13 64 0
374 13 41 0
375 14 14 0
376 14 14 0
377 14 14 0
378 14 14 0
379 14 14 0
380 14 17 0
381 14 14 0
382 14 14 0
383 14 49 0
384 14 22 0
385 14 41 0
386 14 14 0
387 14 16 0
388 14 57 0
389 14 14 0
390 15 92 0
391 15 90 0
392 15 15 0
393 15 15 0
394 15 92 0
395 15 15 0
396 15 15 0
397 15 15 0
398 15 15 0
399 15 22 0
400 15 15 0
401 15 15 0
402 16 22 0
403 16 73 0
404 16 41 0
405 16 37 0
406 16 47 0
407 16 16 0
408 16 54 0
409 16 16 0
410 16 38 0
411 16 16 0
412 16 16 0
413 16 39 0
414 16 16 0
415 16 16 0
416 16 17 0
417 16 16 0
418 16 23 0
419 16 16 0
420 16 16 0
421 16 16 0
422 16 45 0
423 16 49 0
424 16 73 0
425 16 22 0
426 16 16 0
427 16 16 0
428 17 17 0
429 17 17 0
430 17 17 0
431 17 17 0
432 17 28 0
433 17 22 0
434 17 46 0
435 17 46 0
436 17 17 0
437 17 17 0
438 17 69 0
439 18 19 0
440 18 53 0
441 18 18 0
442 18 18 0
443 18 18 0
444 18 18 0
445 18 18 0
446 18 18 0
447 18 47 0
448 18 18 0
449 18 18 0
450 18 18 0
451 18 92 0
452 18 63 0
453 18 18 0
454 18 19 0
455 18 92 0
456 18 18 0
457 19 19 0
458 19 19 0
459 19 19 0
460 19 19 0
461 19 19 0
462 19 19 0
463 19 50 0
464 19 19 0
465 19 19 0
466 19 92 0
467 19 19 0
468 19 19 0
469 19 92 0
470 19 92 0
471 19 92 0
472 19 92 0
473 19 92 0
474 19 19 0
475 19 19 0
476 20 20 0
477 20 20 0
478 20 91 0
479 20 20 0
480 20 20 0
481 20 20 0
482 20 20 0
483 20 20 0
484 20 20 0
485 20 20 0
486 20 92 0
487 20 55 0
488 20 20 0
489 20 20 0
490 20 60 0
491 20 55 0
492 20 89 0
493 20 20 0
494 20 85 0
495 20 20 0
496 21 21 0
497 21 21 0
498 21 21 0
499 21 21 0
500 21 21 0
501 21 21 0
502 21 21 0
503 21 21 0
504 21 28 0
505 21 21 0
506 21 53 0
507 21 59 0
508 21 79 0
509 21 21 0
510 21 90 0
511 21 64 0
512 21 21 0
513 21 92 0
514 21 41 0
515 21 21 0
516 22 22 0
517 22 22 0
518 22 76 0
519 22 22 0
520 22 33 0
521 22 22 0
522 22 22 0
523 22 26 0
524 22 22 0
525 22 23 0
526 22 22 0
527 22 22 0
528 22 22 0
529 22 22 0
530 22 22 0
531 22 33 0
532 22 28 0
533 23 23 0
534 23 23 0
535 23 23 0
536 23 91 0
537 23 28 0
538 23 23 0
539 23 23 0
540 23 92 0
541 23 23 0
542 23 23 0
543 23 57 0
544 23 23 0
545 23 23 0
546 23 24 0
547 23 23 0
548 23 23 0
549 23 92 0
550 23 68 0
551 23 23 0
552 23 59 0
553 23 23 0
554 23 23 0
555 23 24 0
556 23 27 0
557 23 92 0
558 23 92 0
559 23 90 0
560 23 23 0
561 23 23 0
562 24 24 0
563 24 24 0
564 24 24 0
565 24 92 0
566 24 41 0
567 24 24 0
568 24 24 0
569 24 24 0
570 24 24 0
571 24 68 0
572 24 24 0
573 24 24 0
574 24 24 0
575 24 26 0
576 24 92 0
577 24 25 0
578 24 24 0
579 24 90 0
580 24 92 0
581 24 24 0
582 25 25 0
583 25 25 0
584 25 25 0
585 25 25 0
586 25 55 0
587 25 25 0
588 25 25 0
589 25 25 0
590 25 92 0
591 25 25 0
592 25 25 0
593 25 92 0
594 25 25 0
595 25 25 0
596 26 26 0
597 26 35 0
598 26 91 0
599 26 26 0
600 26 92 0
601 26 26 0
602 26 92 0
603 26 26 0
604 26 26 0
605 26 26 0
606 26 79 0
607 26 26 0
608 26 26 0
609 26 26 0
610 26 26 0
611 26 26 0
612 26 26 0
613 27 28 0
614 27 27 0
615 27 27 0
616 27 27 0
617 27 27 0
618 27 27 0
619 27 27 0
620 27 27 0
621 27 92 0
622 27 92 0
623 27 27 0
624 27 27 0
625 27 91 0
626 27 27 0
627 27 27 0
628 27 78 0
629 27 27 0
630 27 92 0
631 27 27 0
632 27 27 0
633 28 28 0
634 28 28 0
635 28 28 0
636 28 28 0
637 28 28 0
638 28 28 0
639 28 29 0
640 28 28 0
641 28 92 0
642 28 92 0
643 28 83 0
644 28 28 0
645 28 57 0
646 28 92 0
647 28 28 0
648 28 92 0
649 28 90 0
650 28 28 0
651 28 28 0
652 28 29 0
653 29 37 0
654 29 29 0
655 29 29 0
656 29 29 0
657 29 29 0
658 29 92 0
659 29 29 0
660 29 29 0
661 29 92 0
662 29 38 0
663 29 29 0
664 29 38 0
665 29 29 0
666 29 29 0
667 29 29 0
668 29 29 0
669 29 29 0
670 29 29 0
671 29 29 0
672 29 92 0
673 29 29 0
674 29 29 0
675 30 33 0
676 30 30 0
677 30 30 0
678 30 30 0
679 30 30 0
680 30 30 0
681 30 30 0
682 30 35 0
683 30 30 0
684 30 32 0
685 30 30 0
686 30 30 0
687 30 30 0
688 30 92 0
689 30 92 0
690 30 30 0
691 30 92 0
692 30 30 0
693 30 92 0
694 30 30 0
695 30 92 0
696 30 30 0
697 30 30 0
698 30 30 0
699 30 30 0
700 31 32 0
701 31 31 0
702 31 31 0
703 31 31 0
704 31 31 0
705 31 38 0
706 31 31 0
707 31 31 0
708 31 31 0
709 31 36 0
710 31 31 0
711 31 31 0
712 31 31 0
713 31 31 0
714 31 31 0
715 31 92 0
716 31 31 0
717 31 31 0
718 31 92 0
719 31 31 0
720 31 31 0
721 32 92 0
722 32 32 0
723 32 92 0
724 32 92 0
725 32 92 0
726 32 32 0
727 32 92 0
728 32 32 0
729 32 32 0
730 32 32 0
731 32 32 0
732 32 33 0
733 32 32 0
734 32 92 0
735 32 32 0
736 32 42 0
737 32 32 0
738 32 32 0
739 32 32 0
740 32 92 0
741 32 92 0
742 32 92 0
743 32 34 0
744 32 69 0
745 32 92 0
746 32 32 0
747 32 92 0
748 32 91 0
749 32 32 0
750 33 38 0
751 33 33 0
752 33 92 0
753 33 33 0
754 33 33 0
755 33 33 0
756 33 33 0
757 33 33 0
758 33 33 0
759 33 33 0
760 33 92 0
761 33 33 0
762 33 33 0
763 33 33 0
764 33 33 0
765 33 33 0
766 33 33 0
767 33 92 0
768 33 92 0
769 33 33 0
770 33 33 0
771 33 33 0
772 34 92 0
773 34 34 0
774 34 34 0
775 34 34 0
776 34 34 0
777 34 34 0
778 34 34 0
779 34 34 0
780 34 34 0
781 34 34 0
782 34 34 0
783 34 34 0
784 34 92 0
785 34 34 0
786 34 92 0
787 34 92 0
788 34 34 0
789 34 34 0
790 34 91 0
791 34 92 0
792 34 92 0
793 34 92 0
794 34 34 0
795 34 92 0
796 34 79 0
797 34 92 0
798 34 34 0
799 34 34 0
800 34 34 0
801 34 92 0
802 34 35 0
803 35 35 0
804 35 67 0
805 35 35 0
806 35 82 0
807 35 35 0
808 35 35 0
809 35 35 0
810 35 35 0
811 35 35 0
812 35 35 0
813 35 35 0
814 35 92 0
815 35 35 0
816 35 35 0
817 35 35 0
818 35 35 0
819 35 35 0
820 35 35 0
821 35 35 0
822 35 92 0
823 35 92 0
824 35 92 0
825 35 88 0
826 35 35 0
827 35 91 0
828 35 35 0
829 35 35 0
830 35 35 0
831 36 36 0
832 36 36 0
833 36 36 0
834 36 36 0
835 36 50 0
836 36 36 0
837 36 36 0
838 36 36 0
839 36 91 0
840 36 36 0
841 36 36 0
842 36 36 0
843 36 36 0
844 36 39 0
845 36 36 0
846 36 36 0
847 36 36 0
848 36 36 0
849 36 36 0
850 36 92 0
851 36 92 0
852 36 36 0
853 36 92 0
854 36 91 0
855 36 36 0
856 36 39 0
857 37 37 0
858 37 54 0
859 37 37 0
860 37 37 0
861 37 37 0
862 37 37 0
863 37 37 0
864 37 92 0
865 37 37 0
866 37 37 0
867 37 37 0
868 37 92 0
869 37 37 0
870 37 92 0
871 37 37 0
872 37 38 0
873 37 37 0
874 37 37 0
875 37 37 0
876 37 37 0
877 37 37 0
878 37 37 0
879 37 37 0
880 38 42 0
881 38 42 0
882 38 44 0
883 38 38 0
884 38 38 0
885 38 38 0
886 38 92 0
887 38 38 0
888 38 38 0
889 38 38 0
890 38 38 0
891 38 68 0
892 38 38 0
893 38 38 0
894 38 38 0
895 38 38 0
896 38 92 0
897 38 38 0
898 38 92 0
899 38 38 0
900 38 38 0
901 38 38 0
902 38 38 0
903 38 38 0
904 38 85 0
905 38 38 0
906 38 92 0
907 38 38 0
908 38 42 0
909 38 92 0
910 38 38 0
911 38 53 0
912 38 92 0
913 38 92 0
914 38 38 0
915 38 92 0
916 38 42 0
917 38 92 0
918 38 92 0
919 38 38 0
920 39 39 0
921 39 92 0
922 39 39 0
923 39 92 0
924 39 88 0
925 39 72 0
926 39 39 0
927 39 39 0
928 39 92 0
929 39 39 0
930 39 39 0
931 39 75 0
932 39 39 0
933 39 39 0
934 39 39 0
935 39 39 0
936 39 39 0
937 39 39 0
938 39 85 0
939 39 39 0
940 39 39 0
941 39 68 0
942 39 39 0
943 39 52 0
944 39 39 0
945 39 39 0
946 39 92 0
947 39 39 0
948 39 91 0
949 39 39 0
950 39 39 0
951 39 39 0
952 39 39 0
953 39 39 0
954 39 39 0
955 39 54 0
956 40 54 0
957 40 45 0
958 40 40 0
959 40 40 0
960 40 40 0
961 40 40 0
962 40 55 0
963 40 40 0
964 40 40 0
965 40 40 0
966 40 40 0
967 40 40 0
968 40 40 0
969 40 40 0
970 40 92 0
971 40 92 0
972 40 40 0
973 40 92 0
974 40 40 0
975 40 40 0
976 40 65 0
977 40 40 0
978 40 40 0
979 40 40 0
980 40 51 0
981 40 92 0
982 40 92 0
983 40 92 0
984 40 92 0
985 40 92 0
986 40 40 0
987 40 91 0
988 40 40 0
989 40 92 0
990 40 40 0
991 40 41 0
992 40 40 0
993 41 51 0
994 41 41 0
995 41 41 0
996 41 41 0
997 41 41 0
998 41 41 0
999 41 91 0
1000 41 41 0
1001 41 41 0
1002 41 56 0
1003 41 41 0
1004 41 41 0
1005 41 45 0
1006 41 41 0
1007 41 41 0
1008 41 41 0
1009 41 41 0
1010 41 41 0
1011 41 41 0
1012 41 41 0
1013 41 41 0
1014 41 92 0
1015 41 92 0
1016 41 42 0
1017 41 92 0
1018 41 92 0
1019 41 92 0
1020 41 92 0
1021 41 83 0
1022 41 92 0
1023 41 41 0
1024 41 41 0
1025 41 92 0
1026 41 41 0
1027 41 62 0
1028 42 42 0
1029 42 81 0
1030 42 42 0
1031 42 42 0
1032 42 42 0
1033 42 42 0
1034 42 42 0
1035 42 42 0
1036 42 42 0
1037 42 89 0
1038 42 42 0
1039 42 91 0
1040 42 42 0
1041 42 42 0
1042 42 42 0
1043 42 92 0
1044 42 42 0
1045 42 42 0
1046 42 42 0
1047 42 42 0
1048 42 46 0
1049 42 92 0
1050 42 92 0
1051 42 42 0
1052 42 90 0
1053 42 42 0
1054 42 42 0
1055 42 92 0
1056 42 42 0
1057 42 91 0
1058 42 42 0
1059 42 61 0
1060 42 43 0
1061 43 43 0
1062 43 43 0
1063 43 92 0
1064 43 43 0
1065 43 43 0
1066 43 46 0
1067 43 43 0
1068 43 43 0
1069 43 43 0
1070 43 43 0
1071 43 48 0
1072 43 43 0
1073 43 43 0
1074 43 43 0
1075 43 43 0
1076 43 43 0
1077 43 85 0
1078 43 92 0
1079 43 43 0
1080 43 43 0
1081 43 43 0
1082 43 90 0
1083 43 43 0
1084 43 45 0
1085 43 92 0
1086 43 50 0
1087 43 43 0
1088 43 92 0
1089 43 43 0
1090 43 43 0
1091 44 44 0
1092 44 44 0
1093 44 45 0
1094 44 44 0
1095 44 92 0
1096 44 44 0
1097 44 44 0
1098 44 44 0
1099 44 44 0
1100 44 92 0
1101 44 44 0
1102 44 44 0
1103 44 44 0
1104 44 44 0
1105 44 44 0
1106 44 44 0
1107 44 44 0
1108 44 44 0
1109 44 44 0
1110 44 44 0
1111 44 44 0
1112 44 44 0
1113 44 59 0
1114 45 45 0
1115 45 55 0
1116 45 45 0
1117 45 45 0
1118 45 45 0
1119 45 91 0
1120 45 45 0
1121 45 45 0
1122 45 45 0
1123 45 45 0
1124 45 47 0
1125 45 45 0
1126 45 45 0
1127 45 45 0
1128 45 45 0
1129 45 45 0
1130 45 45 0
1131 45 45 0
1132 45 45 0
1133 45 45 0
1134 46 49 0
1135 46 90 0
1136 46 47 0
1137 46 46 0
1138 46 46 0
1139 46 46 0
1140 46 46 0
1141 46 46 0
1142 46 46 0
1143 46 90 0
1144 46 46 0
1145 46 46 0
1146 46 46 0
1147 46 46 0
1148 46 47 0
1149 46 46 0
1150 46 92 0
1151 46 92 0
1152 46 46 0
1153 46 46 0
1154 46 46 0
1155 46 92 0
1156 46 46 0
1157 46 46 0
1158 46 67 0
1159 46 92 0
1160 46 47 0
1161 46 46 0
1162 46 48 0
1163 46 46 0
1164 46 46 0
1165 46 46 0
1166 46 46 0
1167 47 67 0
1168 47 47 0
1169 47 47 0
1170 47 47 0
1171 47 47 0
1172 47 47 0
1173 47 47 0
1174 47 47 0
1175 47 60 0
1176 47 47 0
1177 47 91 0
1178 47 48 0
1179 47 47 0
1180 47 47 0
1181 47 47 0
1182 47 55 0
1183 47 47 0
1184 47 91 0
1185 47 92 0
1186 47 47 0
1187 47 47 0
1188 47 82 0
1189 47 47 0
1190 47 47 0
1191 47 47 0
1192 47 91 0
1193 47 92 0
1194 47 47 0
1195 48 59 0
1196 48 48 0
1197 48 48 0
1198 48 48 0
1199 48 92 0
1200 48 91 0
1201 48 48 0
1202 48 48 0
1203 48 48 0
1204 48 48 0
1205 48 92 0
1206 48 58 0
1207 48 48 0
1208 48 92 0
1209 48 48 0
1210 48 48 0
1211 48 48 0
1212 48 90 0
1213 48 92 0
1214 48 48 0
1215 48 48 0
1216 48 48 0
1217 48 48 0
1218 48 48 0
1219 48 48 0
1220 49 49 0
1221 49 49 0
1222 49 49 0
1223 49 49 0
1224 49 49 0
1225 49 49 0
1226 49 92 0
1227 49 49 0
1228 49 91 0
1229 49 49 0
1230 49 49 0
1231 49 49 0
1232 49 49 0
1233 49 53 0
1234 49 49 0
1235 49 49 0
1236 49 92 0
1237 49 49 0
1238 49 50 0
1239 49 63 0
1240 49 49 0
1241 49 55 0
1242 49 49 0
1243 49 49 0
1244 50 50 0
1245 50 50 0
1246 50 50 0
1247 50 50 0
1248 50 92 0
1249 50 50 0
1250 50 92 0
1251 50 50 0
1252 50 50 0
1253 50 50 0
1254 50 50 0
1255 50 50 0
1256 50 50 0
1257 50 50 0
1258 50 50 0
1259 50 92 0
1260 50 50 0
1261 50 50 0
1262 50 50 0
1263 50 50 0
1264 50 67 0
1265 50 50 0
1266 50 91 0
1267 50 50 0
1268 50 92 0
1269 50 91 0
1270 50 50 0
1271 50 50 0
1272 51 54 0
1273 51 51 0
1274 51 92 0
1275 51 91 0
1276 51 51 0
1277 51 51 0
1278 51 52 0
1279 51 51 0
1280 51 51 0
1281 51 51 0
1282 51 51 0
1283 51 51 0
1284 51 51 0
1285 51 56 0
1286 51 51 0
1287 51 91 0
1288 51 51 0
1289 51 51 0
1290 51 74 0
1291 51 51 0
1292 51 92 0
1293 51 51 0
1294 51 92 0
1295 51 58 0
1296 51 51 0
1297 51 51 0
1298 51 51 0
1299 51 51 0
1300 52 52 0
1301 52 84 0
1302 52 52 0
1303 52 91 0
1304 52 52 0
1305 52 52 0
1306 52 52 0
1307 52 92 0
1308 52 56 0
1309 52 52 0
1310 52 52 0
1311 52 52 0
1312 52 52 0
1313 52 90 0
1314 52 91 0
1315 52 52 0
1316 52 52 0
1317 52 91 0
1318 52 52 0
1319 52 52 0
1320 52 92 0
1321 52 52 0
1322 52 52 0
1323 53 53 0
1324 53 53 0
1325 53 91 0
1326 53 53 0
1327 53 53 0
1328 53 53 0
1329 53 53 0
1330 53 53 0
1331 53 53 0
1332 53 70 0
1333 53 54 0
1334 53 53 0
1335 53 91 0
1336 53 53 0
1337 53 53 0
1338 53 53 0
1339 53 53 0
1340 53 53 0
1341 53 53 0
1342 53 53 0
1343 53 91 0
1344 53 53 0
1345 53 53 0
1346 54 54 0
1347 54 54 0
1348 54 92 0
1349 54 54 0
1350 54 54 0
1351 54 54 0
1352 54 54 0
1353 54 54 0
1354 54 56 0
1355 54 54 0
1356 54 59 0
1357 54 54 0
1358 54 92 0
1359 54 54 0
1360 54 54 0
1361 54 54 0
1362 54 71 0
1363 54 92 0
1364 54 91 0
1365 54 54 0
1366 54 54 0
1367 55 57 0
1368 55 55 0
1369 55 55 0
1370 55 55 0
1371 55 92 0
1372 55 55 0
1373 55 55 0
1374 55 55 0
1375 55 55 0
1376 55 57 0
1377 55 55 0
1378 55 55 0
1379 55 55 0
1380 55 55 0
1381 55 55 0
1382 55 55 0
1383 55 55 0
1384 55 55 0
1385 55 55 0
1386 55 55 0
1387 55 55 0
1388 56 56 0
1389 56 56 0
1390 56 56 0
1391 56 92 0
1392 56 56 0
1393 56 56 0
1394 56 56 0
1395 56 56 0
1396 56 75 0
1397 56 92 0
1398 56 69 0
1399 56 92 0
1400 56 64 0
1401 56 56 0
1402 56 56 0
1403 56 92 0
1404 56 58 0
1405 56 56 0
1406 56 56 0
1407 56 56 0
1408 56 58 0
1409 56 91 0
1410 56 56 0
1411 56 56 0
1412 56 57 0
1413 56 56 0
1414 56 56 0
1415 57 57 0
1416 57 59 0
1417 57 57 0
1418 57 57 0
1419 57 92 0
1420 57 57 0
1421 57 57 0
1422 57 57 0
1423 57 59 0
1424 57 57 0
1425 57 57 0
1426 57 57 0
1427 57 63 0
1428 57 57 0
1429 57 57 0
1430 57 57 0
1431 57 71 0
1432 57 57 0
1433 57 57 0
1434 57 57 0
1435 57 57 0
1436 58 92 0
1437 58 58 0
1438 58 60 0
1439 58 58 0
1440 58 58 0
1441 58 58 0
1442 58 59 0
1443 58 58 0
1444 58 58 0
1445 58 58 0
1446 58 58 0
1447 58 92 0
1448 58 58 0
1449 58 58 0
1450 58 58 0
1451 58 58 0
1452 58 58 0
1453 58 92 0
1454 58 58 0
1455 58 91 0
1456 58 72 0
1457 58 58 0
1458 58 58 0
1459 58 60 0
1460 58 58 0
1461 58 58 0
1462 59 59 0
1463 59 91 0
1464 59 59 0
1465 59 59 0
1466 59 59 0
1467 59 59 0
1468 59 59 0
1469 59 59 0
1470 59 92 0
1471 59 59 0
1472 59 59 0
1473 59 59 0
1474 59 92 0
1475 59 59 0
1476 59 92 0
1477 59 59 0
1478 59 89 0
1479 59 59 0
1480 59 59 0
1481 59 91 0
1482 59 59 0
1483 59 59 0
1484 60 61 0
1485 60 60 0
1486 60 92 0
1487 60 60 0
1488 60 90 0
1489 60 60 0
1490 60 60 0
1491 60 91 0
1492 60 60 0
1493 60 60 0
1494 60 60 0
1495 60 60 0
1496 60 62 0
1497 60 70 0
1498 60 60 0
1499 60 60 0
1500 60 92 0
1501 60 60 0
1502 60 60 0
1503 60 92 0
1504 60 60 0
1505 60 92 0
1506 60 60 0
1507 60 60 0
1508 60 60 0
1509 60 60 0
1510 60 60 0
1511 60 92 0
1512 60 60 0
1513 60 60 0
1514 60 60 0
1515 60 60 0
1516 61 75 0
1517 61 61 0
1518 61 61 0
1519 61 61 0
1520 61 61 0
1521 61 61 0
1522 61 61 0
1523 61 61 0
1524 61 61 0
1525 61 70 0
1526 61 61 0
1527 61 61 0
1528 61 61 0
1529 61 61 0
1530 61 76 0
1531 61 67 0
1532 61 92 0
1533 61 63 0
1534 61 61 0
1535 61 70 0
1536 61 61 0
1537 61 61 0
1538 61 92 0
1539 61 61 0
1540 61 61 0
1541 62 62 0
1542 62 62 0
1543 62 92 0
1544 62 62 0
1545 62 62 0
1546 62 67 0
1547 62 62 0
1548 62 66 0
1549 62 69 0
1550 62 62 0
1551 62 62 0
1552 62 62 0
1553 62 62 0
1554 62 91 0
1555 62 62 0
1556 62 62 0
1557 62 72 0
1558 62 62 0
1559 62 62 0
1560 62 62 0
1561 62 62 0
1562 62 62 0
1563 62 62 0
1564 62 92 0
1565 62 62 0
1566 62 62 0
1567 62 82 0
1568 62 62 0
1569 62 62 0
1570 63 75 0
1571 63 63 0
1572 63 63 0
1573 63 63 0
1574 63 63 0
1575 63 63 0
1576 63 63 0
1577 63 63 0
1578 63 63 0
1579 63 63 0
1580 63 63 0
1581 63 63 0
1582 63 63 0
1583 63 68 0
1584 63 81 0
1585 63 64 0
1586 63 63 0
1587 63 67 0
1588 63 63 0
1589 63 63 0
1590 63 63 0
1591 63 63 0
1592 63 63 0
1593 64 81 0
1594 64 91 0
1595 64 64 0
1596 64 74 0
1597 64 67 0
1598 64 64 0
1599 64 64 0
1600 64 64 0
1601 64 64 0
1602 64 64 0
1603 64 64 0
1604 64 64 0
1605 64 64 0
1606 64 64 0
1607 64 82 0
1608 64 72 0
1609 64 64 0
1610 64 64 0
1611 64 64 0
1612 64 64 0
1613 64 73 0
1614 64 64 0
1615 64 91 0
1616 64 64 0
1617 64 64 0
1618 65 65 0
1619 65 67 0
1620 65 65 0
1621 65 65 0
1622 65 65 0
1623 65 65 0
1624 65 65 0
1625 65 65 0
1626 65 65 0
1627 65 65 0
1628 65 65 0
1629 65 65 0
1630 65 92 0
1631 65 92 0
1632 65 65 0
1633 65 92 0
1634 65 65 0
1635 65 92 0
1636 65 84 0
1637 65 91 0
1638 65 65 0
1639 65 65 0
1640 65 65 0
1641 65 65 0
1642 65 65 0
1643 65 91 0
1644 65 76 0
1645 66 71 0
1646 66 74 0
1647 66 66 0
1648 66 66 0
1649 66 66 0
1650 66 66 0
1651 66 66 0
1652 66 66 0
1653 66 66 0
1654 66 66 0
1655 66 91 0
1656 66 66 0
1657 66 92 0
1658 66 66 0
1659 66 66 0
1660 66 66 0
1661 66 66 0
1662 66 66 0
1663 66 66 0
1664 66 90 0
1665 66 66 0
1666 66 92 0
1667 66 66 0
1668 66 66 0
1669 66 66 0
1670 67 67 0
1671 67 67 0
1672 67 67 0
1673 67 67 0
1674 67 67 0
1675 67 67 0
1676 67 67 0
1677 67 67 0
1678 67 92 0
1679 67 82 0
1680 67 67 0
1681 67 67 0
1682 67 67 0
1683 67 89 0
1684 67 67 0
1685 67 67 0
1686 67 67 0
1687 67 67 0
1688 67 67 0
1689 67 67 0
1690 67 67 0
1691 67 67 0
1692 67 67 0
1693 67 92 0
1694 68 68 0
1695 68 72 0
1696 68 68 0
1697 68 68 0
1698 68 68 0
1699 68 68 0
1700 68 68 0
1701 68 91 0
1702 68 68 0
1703 68 91 0
1704 68 68 0
1705 68 68 0
1706 68 91 0
1707 68 68 0
1708 68 70 0
1709 68 68 0
1710 68 92 0
1711 68 68 0
1712 68 68 0
1713 68 68 0
1714 68 83 0
1715 68 92 0
1716 68 68 0
1717 68 92 0
1718 68 70 0
1719 68 68 0
1720 68 68 0
1721 69 69 0
1722 69 69 0
1723 69 69 0
1724 69 69 0
1725 69 69 0
1726 69 69 0
1727 69 69 0
1728 69 69 0
1729 69 80 0
1730 69 69 0
1731 69 69 0
1732 69 69 0
1733 69 69 0
1734 69 69 0
1735 69 69 0
1736 69 69 0
1737 69 69 0
1738 69 69 0
1739 69 69 0
1740 69 69 0
1741 70 70 0
1742 70 70 0
1743 70 70 0
1744 70 70 0
1745 70 91 0
1746 70 70 0
1747 70 70 0
1748 70 70 0
1749 70 70 0
1750 70 73 0
1751 70 70 0
1752 70 70 0
1753 70 70 0
1754 70 70 0
1755 70 70 0
1756 70 70 0
1757 70 70 0
1758 70 70 0
1759 70 70 0
1760 70 87 0
1761 70 70 0
1762 70 71 0
1763 70 92 0
1764 70 70 0
1765 70 70 0
1766 70 70 0
1767 70 76 0
1768 71 71 0
1769 71 71 0
1770 71 71 0
1771 71 90 0
1772 71 71 0
1773 71 71 0
1774 71 71 0
1775 71 71 0
1776 71 72 0
1777 71 71 0
1778 71 87 0
1779 71 71 0
1780 71 71 0
1781 71 92 0
1782 71 71 0
1783 71 71 0
1784 71 71 0
1785 71 71 0
1786 71 71 0
1787 71 77 0
1788 71 71 0
1789 71 92 0
1790 71 72 0
1791 71 71 0
1792 71 71 0
1793 71 72 0
1794 71 71 0
1795 71 89 0
1796 71 71 0
1797 72 76 0
1798 72 72 0
1799 72 72 0
1800 72 72 0
1801 72 72 0
1802 72 72 0
1803 72 72 0
1804 72 92 0
1805 72 72 0
1806 72 72 0
1807 72 72 0
1808 72 72 0
1809 72 72 0
1810 72 72 0
1811 72 72 0
1812 72 72 0
1813 72 79 0
1814 72 72 0
1815 72 92 0
1816 72 72 0
1817 72 72 0
1818 72 76 0
1819 72 72 0
1820 72 72 0
1821 72 76 0
1822 72 77 0
1823 72 72 0
1824 72 72 0
1825 72 72 0
1826 72 73 0
1827 73 73 0
1828 73 73 0
1829 73 73 0
1830 73 73 0
1831 73 73 0
1832 73 73 0
1833 73 73 0
1834 73 73 0
1835 73 74 0
1836 73 76 0
1837 73 73 0
1838 73 73 0
1839 73 92 0
1840 73 73 0
1841 73 73 0
1842 73 73 0
1843 73 73 0
1844 73 76 0
1845 73 73 0
1846 73 73 0
1847 73 73 0
1848 73 73 0
1849 73 74 0
1850 74 81 0
1851 74 74 0
1852 74 74 0
1853 74 74 0
1854 74 74 0
1855 74 74 0
1856 74 74 0
1857 74 74 0
1858 74 74 0
1859 74 74 0
1860 74 74 0
1861 74 74 0
1862 74 74 0
1863 74 74 0
1864 74 74 0
1865 74 74 0
1866 74 79 0
1867 74 74 0
1868 74 74 0
1869 75 75 0
1870 75 75 0
1871 75 75 0
1872 75 75 0
1873 75 75 0
1874 75 75 0
1875 75 75 0
1876 75 75 0
1877 75 75 0
1878 75 92 0
1879 75 75 0
1880 75 76 0
1881 75 75 0
1882 75 75 0
1883 75 75 0
1884 75 75 0
1885 75 92 0
1886 75 75 0
1887 75 92 0
1888 75 75 0
1889 75 80 0
1890 75 75 0
1891 76 76 0
1892 76 76 0
1893 76 76 0
1894 76 76 0
1895 76 92 0
1896 76 76 0
1897 76 92 0
1898 76 76 0
1899 76 76 0
1900 76 76 0
1901 76 76 0
1902 76 76 0
1903 76 76 0
1904 76 76 0
1905 76 92 0
1906 76 92 0
1907 76 76 0
1908 76 76 0
1909 76 92 0
1910 76 76 0
1911 76 76 0
1912 76 77 0
1913 77 77 0
1914 77 78 0
1915 77 77 0
1916 77 77 0
1917 77 77 0
1918 77 77 0
1919 77 77 0
1920 77 77 0
1921 77 77 0
1922 77 77 0
1923 77 77 0
1924 77 77 0
1925 77 79 0
1926 77 77 0
1927 77 79 0
1928 77 77 0
1929 77 81 0
1930 77 77 0
1931 77 77 0
1932 77 77 0
1933 77 79 0
1934 77 79 0
1935 77 77 0
1936 77 77 0
1937 77 77 0
1938 77 77 0
1939 77 77 0
1940 77 77 0
1941 77 77 0
1942 78 78 0
1943 78 78 0
1944 78 78 0
1945 78 78 0
1946 78 78 0
1947 78 82 0
1948 78 78 0
1949 78 78 0
1950 78 81 0
1951 78 78 0
1952 78 78 0
1953 78 78 0
1954 78 78 0
1955 78 79 0
1956 78 78 0
1957 78 78 0
1958 78 82 0
1959 78 78 0
1960 78 78 0
1961 78 78 0
1962 78 78 0
1963 79 79 0
1964 79 79 0
1965 79 79 0
1966 79 79 0
1967 79 79 0
1968 79 79 0
1969 79 91 0
1970 79 79 0
1971 79 79 0
1972 79 79 0
1973 79 91 0
1974 79 79 0
1975 79 84 0
1976 79 79 0
1977 79 79 0
1978 79 89 0
1979 79 79 0
1980 79 79 0
1981 79 92 0
1982 79 79 0
1983 79 92 0
1984 79 90 0
1985 79 83 0
1986 79 79 0
1987 79 79 0
1988 79 79 0
1989 80 89 0
1990 80 80 0
1991 80 80 0
1992 80 80 0
1993 80 80 0
1994 80 80 0
1995 80 80 0
1996 80 80 0
1997 80 80 0
1998 80 80 0
1999 80 91 0
2000 80 80 0
2001 80 92 0
2002 80 92 0
2003 80 80 0
2004 80 91 0
2005 80 80 0
2006 80 81 0
2007 80 80 0
2008 80 81 0
2009 80 80 0
2010 80 81 0
2011 80 91 0
2012 80 80 0
2013 80 80 0
2014 80 80 0
2015 81 86 0
2016 81 92 0
2017 81 81 0
2018 81 81 0
2019 81 81 0
2020 81 81 0
2021 81 81 0
2022 81 81 0
2023 81 81 0
2024 81 81 0
2025 81 81 0
2026 81 81 0
2027 81 81 0
2028 81 81 0
2029 81 83 0
2030 81 81 0
2031 81 81 0
2032 81 81 0
2033 81 81 0
2034 81 81 0
2035 81 81 0
2036 81 81 0
2037 81 81 0
2038 81 81 0
2039 81 81 0
2040 82 92 0
2041 82 82 0
2042 82 82 0
2043 82 82 0
2044 82 82 0
2045 82 82 0
2046 82 82 0
2047 82 82 0
2048 82 82 0
2049 82 82 0
2050 82 82 0
2051 82 82 0
2052 82 82 0
2053 82 82 0
2054 82 84 0
2055 82 82 0
2056 82 82 0
2057 82 82 0
2058 82 82 0
2059 82 82 0
2060 82 82 0
2061 82 83 0
2062 82 82 0
2063 82 82 0
2064 82 82 0
2065 83 84 0
2066 83 83 0
2067 83 83 0
2068 83 85 0
2069 83 83 0
2070 83 83 0
2071 83 83 0
2072 83 83 0
2073 83 83 0
2074 83 83 0
2075 83 91 0
2076 83 83 0
2077 83 83 0
2078 83 84 0
2079 83 83 0
2080 83 83 0
2081 83 86 0
2082 83 83 0
2083 83 83 0
2084 83 92 0
2085 83 83 0
2086 83 83 0
2087 83 84 0
2088 83 91 0
2089 83 83 0
2090 83 83 0
2091 83 83 0
2092 83 86 0
2093 84 84 0
2094 84 84 0
2095 84 84 0
2096 84 84 0
2097 84 84 0
2098 84 84 0
2099 84 84 0
2100 84 84 0
2101 84 84 0
2102 84 84 0
2103 84 84 0
2104 84 84 0
2105 84 92 0
2106 84 84 0
2107 84 84 0
2108 84 84 0
2109 84 84 0
2110 84 84 0
2111 84 84 0
2112 84 84 0
2113 84 84 0
2114 84 84 0
2115 85 85 0
2116 85 85 0
2117 85 85 0
2118 85 85 0
2119 85 85 0
2120 85 85 0
2121 85 85 0
2122 85 85 0
2123 85 85 0
2124 85 85 0
2125 85 85 0
2126 85 85 0
2127 85 91 0
2128 85 85 0
2129 85 91 0
2130 85 88 0
2131 85 85 0
2132 85 85 0
2133 85 85 0
2134 85 85 0
2135 85 85 0
2136 85 92 0
2137 85 85 0
2138 85 85 0
2139 85 85 0
2140 86 86 0
2141 86 86 0
2142 86 86 0
2143 86 91 0
2144 86 86 0
2145 86 86 0
2146 86 86 0
2147 86 86 0
2148 86 86 0
2149 86 86 0
2150 86 86 0
2151 86 86 0
2152 86 91 0
2153 86 86 0
2154 86 86 0
2155 86 86 0
2156 86 90 0
2157 86 86 0
2158 86 86 0
2159 86 92 0
2160 86 86 0
2161 86 86 0
2162 86 92 0
2163 86 86 0
2164 87 87 0
2165 87 87 0
2166 87 87 0
2167 87 87 0
2168 87 87 0
2169 87 87 0
2170 87 87 0
2171 87 87 0
2172 87 87 0
2173 87 87 0
2174 87 88 0
2175 87 87 0
2176 87 87 0
2177 87 87 0
2178 87 87 0
2179 87 89 0
2180 87 87 0
2181 87 87 0
2182 87 88 0
2183 87 92 0
2184 87 87 0
2185 87 87 0
2186 87 87 0
2187 87 87 0
2188 87 87 0
2189 87 87 0
2190 87 87 0
2191 88 88 0
2192 88 88 0
2193 88 92 0
2194 88 88 0
2195 88 88 0
2196 88 88 0
2197 88 88 0
2198 88 88 0
2199 88 88 0
2200 88 88 0
2201 88 88 0
2202 88 90 0
2203 88 88 0
2204 88 88 0
2205 88 92 0
2206 88 88 0
2207 88 88 0
2208 88 92 0
2209 88 88 0
2210 88 88 0
2211 88 92 0
2212 88 88 0
2213 88 88 0
2214 88 90 0
2215 88 88 0
2216 88 88 0
2217 88 88 0
2218 89 89 0
2219 89 89 0
2220 89 91 0
2221 89 89 0
2222 89 89 0
2223 89 89 0
2224 89 89 0
2225 89 89 0
2226 89 90 0
2227 89 89 0
2228 89 89 0
2229 89 89 0
2230 89 89 0
2231 89 89 0
2232 89 89 0
2233 89 89 0
2234 89 89 0
2235 89 89 0
2236 89 89 0
2237 89 89 0
2238 89 89 0
2239 90 92 0
2240 90 92 0
2241 90 90 0
2242 90 90 0
2243 90 90 0
2244 90 91 0
2245 90 90 0
2246 90 90 0
2247 90 90 0
2248 90 90 0
2249 90 90 0
2250 90 90 0
2251 90 90 0
2252 90 90 0
2253 90 92 0
2254 90 90 0
2255 90 90 0
2256 90 90 0
2257 90 92 0
2258 90 90 0
2259 90 92 0
2260 90 90 0
2261 90 90 0
2262 91 91 0
2263 91 91 0
2264 91 91 0
2265 91 91 0
2266 91 91 0
2267 91 92 0
2268 91 91 0
2269 91 91 0
2270 91 91 0
2271 91 91 0
2272 91 91 0
2273 91 92 0
2274 91 91 0
2275 91 91 0
2276 91 92 0
2277 91 91 0
2278 91 91 0
2279 91 91 0
2280 91 92 0
2281 91 91 0
2282 91 91 0
2283 91 92 0
2284 91 91 0
2285 91 91 0
2286 91 92 0
2287 91 92 0
2288 91 91 0
2289 91 91 0
2290 91 91 0
2291 92 92 0
2292 92 92 0
2293 92 92 0
2294 92 92 0
2295 92 92 0
2296 92 92 0
2297 92 92 0
2298 92 92 0
2299 92 92 0
2300 92 92 0
2301 92 92 0
2302 92 92 0
2303 92 92 0
2304 92 92 0
2305 92 92 0
2306 92 92 0
2307 92 92 0
2308 92 92 0
2309 92 92 0
2310 92 92 0
2311 92 92 0
2312 92 92 0
2313 92 92 0
2314 92 92 0
2315 92 92 0
2316 92 92 0
