0 1 115 0
1 1 11 0
2 1 115 0
3 1 115 0
4 1 92 0
5 1 31 0
6 1 88 0
7 1 115 0
8 15 15 0
9 15 15 0
10 16 107 0
11 16 16 0
12 17 17 0
13 17 17 0
14 18 18 0
15 20 20 0
16 22 24 0
17 23 23 0
18 24 24 0
19 24 24 0
20 24 25 0
21 26 26 0
22 27 27 0
23 30 30 0
24 33 33 0
25 41 44 0
26 42 42 0
27 46 114 0
28 48 48 0
29 49 49 0
30 50 50 0
31 51 51 0
32 51 51 0
33 52 53 0
34 54 54 0
35 55 55 0
36 56 56 0
37 57 57 0
38 58 58 0
39 58 58 0
40 59 59 0
41 59 60 0
42 59 59 0
43 63 63 0
44 64 64 0
45 65 65 0
46 65 99 0
47 65 65 0
48 69 69 0
49 71 71 0
50 72 72 0
51 72 72 0
52 72 72 0
53 73 73 0
54 73 73 0
55 73 73 0
56 73 73 0
57 74 74 0
58 75 75 0
59 76 82 0
60 76 76 0
61 76 76 0
62 76 76 0
63 77 77 0
64 77 77 0
65 78 78 0
66 78 78 0
67 78 78 0
68 79 79 0
69 79 79 0
70 79 79 0
71 80 80 0
72 80 80 0
73 80 80 0
74 81 81 0
75 82 82 0
76 82 82 0
77 82 82 0
78 82 82 0
79 83 83 0
80 83 84 0
81 85 85 0
82 85 85 0
83 86 86 0
84 88 88 0
85 88 88 0
86 89 89 0
87 90 90 0
88 90 90 0
89 90 90 0
90 90 90 0
91 91 91 0
92 91 91 0
93 92 92 0
94 92 92 0
95 92 115 0
96 93 93 0
97 93 93 0
98 93 93 0
99 93 93 0
100 94 94 0
101 94 94 0
102 94 94 0
103 95 95 0
104 97 97 0
105 97 115 0
106 98 98 0
107 98 98 0
108 99 99 0
109 99 99 0
110 101 101 0
111 102 102 0
112 103 103 0
113 103 103 0
114 103 103 0
115 104 104 0
116 104 104 0
117 104 104 0
118 104 104 0
119 104 104 0
120 105 105 0
121 105 105 0
122 105 105 0
123 105 105 0
124 106 106 0
125 106 106 0
126 107 108 0
127 109 109 0
128 109 109 0
129 110 110 0
130 110 110 0
131 110 110 0
132 110 110 0
133 111 111 0
134 111 111 0
135 111 111 0
136 112 112 0
137 112 114 0
138 112 112 0
139 112 112 0
140 113 113 0
141 113 113 0
142 114 114 0
143 115 115 0
