0 1 90 0
1 1 38 0
2 1 9 0
3 1 4 0
4 1 21 0
5 1 6 0
6 1 2 0
7 1 13 0
8 1 14 0
9 1 3 0
10 1 26 0
11 1 8 0
12 1 67 0
13 1 10 0
14 1 47 0
15 1 90 0
16 1 92 0
17 1 91 0
18 1 69 0
19 1 40 0
20 1 43 0
21 1 14 0
22 1 1 0
23 1 92 0
24 1 92 0
25 1 16 0
26 1 92 0
27 1 8 0
28 1 82 0
29 1 92 0
30 1 91 0
31 1 8 0
32 1 14 0
33 1 31 0
34 1 51 0
35 1 91 0
36 1 91 0
37 1 91 0
38 1 82 0
39 1 50 0
40 1 92 0
41 1 1 0
42 1 8 0
43 1 3 0
44 1 90 0
45 2 2 0
46 2 2 0
47 2 15 0
48 3 3 0
49 3 40 0
50 3 3 0
51 3 3 0
52 4 91 0
53 4 86 0
54 4 4 0
55 4 37 0
56 4 36 0
57 4 8 0
58 5 45 0
59 5 15 0
60 5 5 0
61 5 49 0
62 6 6 0
63 6 56 0
64 7 7 0
65 7 66 0
66 7 22 0
67 7 42 0
68 8 76 0
69 8 8 0
70 9 92 0
71 9 10 0
72 9 9 0
73 9 92 0
74 9 49 0
75 9 64 0
76 10 38 0
77 10 51 0
78 10 10 0
79 11 14 0
80 11 15 0
81 11 11 0
82 11 12 0
83 12 12 0
84 12 40 0
85 12 12 0
86 12 12 0
87 12 12 0
88 13 13 0
89 13 13 0
90 13 13 0
91 13 13 0
92 14 86 0
93 14 46 0
94 14 14 0
95 14 14 0
96 14 14 0
97 14 14 0
98 14 92 0
99 14 92 0
100 14 14 0
101 15 92 0
102 15 15 0
103 15 15 0
104 15 15 0
105 15 15 0
106 15 45 0
107 15 15 0
108 15 15 0
109 15 15 0
110 15 92 0
111 15 15 0
112 16 24 0
113 16 16 0
114 16 48 0
115 16 16 0
116 16 32 0
117 16 73 0
118 16 18 0
119 16 16 0
120 16 16 0
121 16 92 0
122 16 16 0
123 16 19 0
124 17 91 0
125 17 20 0
126 17 17 0
127 17 17 0
128 17 91 0
129 17 91 0
130 18 18 0
131 18 18 0
132 18 18 0
133 18 18 0
134 19 19 0
135 19 19 0
136 19 19 0
137 19 91 0
138 19 19 0
139 19 19 0
140 20 37 0
141 20 20 0
142 20 20 0
143 20 20 0
144 20 20 0
145 20 20 0
146 21 21 0
147 21 21 0
148 21 21 0
149 21 21 0
150 22 22 0
151 22 22 0
152 22 22 0
153 22 22 0
154 22 22 0
155 22 89 0
156 23 48 0
157 23 26 0
158 23 23 0
159 23 23 0
160 23 23 0
161 23 28 0
162 24 24 0
163 24 26 0
164 24 24 0
165 24 24 0
166 24 24 0
167 24 24 0
168 24 27 0
169 24 92 0
170 24 72 0
171 25 53 0
172 25 25 0
173 25 25 0
174 25 25 0
175 26 26 0
176 26 26 0
177 26 26 0
178 26 26 0
179 27 32 0
180 27 67 0
181 27 57 0
182 27 90 0
183 27 27 0
184 27 27 0
185 27 27 0
186 28 28 0
187 28 28 0
188 28 28 0
189 28 29 0
190 29 29 0
191 29 29 0
192 29 29 0
193 29 76 0
194 29 29 0
195 30 31 0
196 30 81 0
197 30 30 0
198 30 30 0
199 30 30 0
200 30 30 0
201 30 30 0
202 30 76 0
203 30 30 0
204 31 31 0
205 31 31 0
206 31 31 0
207 31 31 0
208 32 41 0
209 32 32 0
210 32 32 0
211 32 32 0
212 32 91 0
213 32 62 0
214 32 32 0
215 32 92 0
216 33 33 0
217 33 33 0
218 33 33 0
219 33 54 0
220 34 35 0
221 34 92 0
222 34 34 0
223 34 34 0
224 34 34 0
225 34 92 0
226 35 40 0
227 35 35 0
228 35 35 0
229 35 35 0
230 35 92 0
231 36 36 0
232 36 36 0
233 36 36 0
234 36 36 0
235 37 40 0
236 37 90 0
237 37 37 0
238 37 37 0
239 37 37 0
240 37 37 0
241 37 39 0
242 38 38 0
243 38 38 0
244 38 38 0
245 38 38 0
246 39 92 0
247 39 92 0
248 39 92 0
249 39 41 0
250 39 39 0
251 39 92 0
252 39 39 0
253 39 39 0
254 39 39 0
255 39 92 0
256 39 39 0
257 39 39 0
258 40 91 0
259 40 40 0
260 40 40 0
261 40 40 0
262 40 89 0
263 40 40 0
264 41 92 0
265 41 52 0
266 41 41 0
267 41 41 0
268 41 85 0
269 41 80 0
270 41 41 0
271 41 41 0
272 41 92 0
273 41 92 0
274 41 41 0
275 41 41 0
276 41 43 0
277 42 50 0
278 42 91 0
279 42 42 0
280 42 81 0
281 42 83 0
282 42 42 0
283 42 42 0
284 42 76 0
285 42 42 0
286 42 42 0
287 42 42 0
288 42 42 0
289 42 42 0
290 43 92 0
291 43 91 0
292 43 91 0
293 43 90 0
294 43 43 0
295 43 43 0
296 43 43 0
297 43 43 0
298 43 43 0
299 44 46 0
300 44 44 0
301 44 44 0
302 44 44 0
303 44 92 0
304 44 44 0
305 44 44 0
306 44 44 0
307 45 91 0
308 45 45 0
309 45 60 0
310 45 45 0
311 45 45 0
312 45 45 0
313 45 45 0
314 45 45 0
315 45 46 0
316 45 45 0
317 46 92 0
318 46 92 0
319 46 46 0
320 46 46 0
321 46 92 0
322 46 46 0
323 46 46 0
324 46 91 0
325 46 47 0
326 46 60 0
327 46 92 0
328 46 91 0
329 47 92 0
330 47 91 0
331 47 92 0
332 47 48 0
333 47 47 0
334 47 47 0
335 47 47 0
336 47 47 0
337 47 47 0
338 48 48 0
339 48 49 0
340 48 52 0
341 48 48 0
342 48 48 0
343 48 48 0
344 48 48 0
345 48 48 0
346 48 55 0
347 48 50 0
348 49 49 0
349 49 91 0
350 49 92 0
351 49 49 0
352 49 49 0
353 49 92 0
354 49 51 0
355 49 49 0
356 49 49 0
357 50 51 0
358 50 50 0
359 50 50 0
360 50 50 0
361 50 50 0
362 50 63 0
363 50 92 0
364 50 92 0
365 50 92 0
366 50 92 0
367 51 51 0
368 51 54 0
369 51 92 0
370 51 51 0
371 51 51 0
372 51 51 0
373 51 51 0
374 51 92 0
375 52 52 0
376 52 52 0
377 52 52 0
378 52 52 0
379 52 52 0
380 52 52 0
381 52 92 0
382 52 91 0
383 52 92 0
384 53 54 0
385 53 53 0
386 53 53 0
387 53 53 0
388 53 53 0
389 53 53 0
390 53 53 0
391 53 53 0
392 53 65 0
393 53 92 0
394 54 54 0
395 54 58 0
396 54 54 0
397 54 92 0
398 54 92 0
399 54 89 0
400 54 92 0
401 54 83 0
402 54 54 0
403 54 54 0
404 54 54 0
405 54 54 0
406 54 54 0
407 54 54 0
408 54 54 0
409 54 92 0
410 55 58 0
411 55 92 0
412 55 55 0
413 55 55 0
414 55 55 0
415 55 55 0
416 56 61 0
417 56 56 0
418 56 56 0
419 56 56 0
420 56 56 0
421 56 92 0
422 57 62 0
423 57 57 0
424 57 57 0
425 57 57 0
426 57 57 0
427 57 92 0
428 57 92 0
429 57 69 0
430 58 58 0
431 58 58 0
432 58 58 0
433 58 58 0
434 59 62 0
435 59 69 0
436 59 59 0
437 59 59 0
438 59 59 0
439 59 59 0
440 59 92 0
441 59 70 0
442 60 60 0
443 60 91 0
444 60 60 0
445 60 60 0
446 60 60 0
447 60 60 0
448 61 91 0
449 61 61 0
450 61 61 0
451 61 61 0
452 61 61 0
453 62 62 0
454 62 91 0
455 62 62 0
456 62 62 0
457 62 91 0
458 62 62 0
459 63 63 0
460 63 63 0
461 63 92 0
462 63 63 0
463 63 63 0
464 63 63 0
465 63 63 0
466 64 78 0
467 64 80 0
468 64 64 0
469 64 64 0
470 64 64 0
471 64 64 0
472 64 64 0
473 64 64 0
474 65 65 0
475 65 65 0
476 65 65 0
477 65 65 0
478 65 65 0
479 65 65 0
480 65 68 0
481 66 92 0
482 66 66 0
483 66 66 0
484 66 66 0
485 66 66 0
486 66 66 0
487 66 83 0
488 66 92 0
489 67 67 0
490 67 75 0
491 67 67 0
492 67 67 0
493 67 67 0
494 67 78 0
495 67 92 0
496 68 92 0
497 68 68 0
498 68 68 0
499 68 68 0
500 68 68 0
501 68 68 0
502 68 90 0
503 69 69 0
504 69 75 0
505 69 69 0
506 69 69 0
507 69 69 0
508 69 92 0
509 70 90 0
510 70 70 0
511 70 70 0
512 70 70 0
513 70 70 0
514 70 92 0
515 70 70 0
516 71 71 0
517 71 91 0
518 71 71 0
519 71 71 0
520 71 71 0
521 71 71 0
522 71 71 0
523 71 92 0
524 72 73 0
525 72 72 0
526 72 72 0
527 72 92 0
528 72 74 0
529 72 72 0
530 72 72 0
531 73 73 0
532 73 73 0
533 73 73 0
534 73 73 0
535 73 73 0
536 73 73 0
537 74 88 0
538 74 74 0
539 74 74 0
540 74 74 0
541 74 74 0
542 74 74 0
543 75 75 0
544 75 78 0
545 75 91 0
546 75 75 0
547 75 77 0
548 75 75 0
549 75 75 0
550 75 75 0
551 76 76 0
552 76 76 0
553 76 76 0
554 76 76 0
555 76 76 0
556 76 87 0
557 76 76 0
558 76 76 0
559 77 77 0
560 77 92 0
561 77 77 0
562 77 77 0
563 77 77 0
564 77 77 0
565 77 92 0
566 77 92 0
567 77 84 0
568 78 92 0
569 78 92 0
570 78 78 0
571 78 86 0
572 78 78 0
573 78 78 0
574 78 92 0
575 78 78 0
576 79 79 0
577 79 79 0
578 79 92 0
579 79 79 0
580 79 79 0
581 79 91 0
582 79 79 0
583 79 79 0
584 79 79 0
585 80 92 0
586 80 92 0
587 80 80 0
588 80 80 0
589 80 80 0
590 80 80 0
591 80 80 0
592 80 80 0
593 80 80 0
594 81 92 0
595 81 88 0
596 81 92 0
597 81 81 0
598 81 81 0
599 81 81 0
600 81 81 0
601 81 81 0
602 81 92 0
603 81 81 0
604 81 81 0
605 82 84 0
606 82 88 0
607 82 82 0
608 82 82 0
609 82 82 0
610 82 82 0
611 82 82 0
612 82 82 0
613 82 82 0
614 82 82 0
615 83 83 0
616 83 83 0
617 83 83 0
618 83 83 0
619 83 83 0
620 83 83 0
621 83 86 0
622 83 85 0
623 83 92 0
624 83 83 0
625 84 92 0
626 84 92 0
627 84 84 0
628 84 92 0
629 84 84 0
630 84 84 0
631 84 84 0
632 84 84 0
633 84 85 0
634 84 84 0
635 85 92 0
636 85 85 0
637 85 85 0
638 85 85 0
639 85 85 0
640 85 85 0
641 85 85 0
642 85 85 0
643 86 86 0
644 86 92 0
645 86 90 0
646 86 92 0
647 86 86 0
648 86 92 0
649 86 92 0
650 86 86 0
651 86 86 0
652 86 86 0
653 86 86 0
654 86 87 0
655 87 91 0
656 87 89 0
657 87 92 0
658 87 92 0
659 87 87 0
660 87 87 0
661 87 87 0
662 87 87 0
663 87 87 0
664 87 87 0
665 87 92 0
666 87 92 0
667 87 87 0
668 87 87 0
669 88 90 0
670 88 88 0
671 88 88 0
672 88 88 0
673 88 88 0
674 88 88 0
675 88 92 0
676 88 88 0
677 89 92 0
678 89 92 0
679 89 89 0
680 89 89 0
681 89 89 0
682 89 89 0
683 89 89 0
684 89 89 0
685 90 90 0
686 90 91 0
687 90 90 0
688 90 90 0
689 90 90 0
690 90 90 0
691 90 90 0
692 90 90 0
693 90 92 0
694 90 92 0
695 91 91 0
696 91 91 0
697 91 91 0
698 91 91 0
699 91 91 0
700 91 91 0
701 91 91 0
702 91 91 0
703 91 91 0
704 92 92 0
705 92 92 0
706 92 92 0
707 92 92 0
708 92 92 0
709 92 92 0
710 92 92 0
711 92 92 0
712 92 92 0
713 92 92 0
714 92 92 0
715 92 92 0
716 92 92 0
717 92 92 0
718 92 92 0
