0 1 65 0 
1 1 25 0 
2 1 34 0 
3 1 65 0 
4 1 65 0 
5 1 65 0 
6 1 65 0 
7 1 65 0 
8 1 65 0 
9 1 65 0 
10 1 65 0 
11 1 65 0 
12 1 64 0 
13 1 65 0 
14 1 65 0 
15 1 65 0 
16 1 33 0 
17 1 65 0 
18 1 65 0 
19 1 57 0 
20 1 65 0 
21 1 65 0 
22 1 34 0 
23 1 65 0 
24 1 65 0 
25 1 65 0 
26 1 65 0 
27 1 65 0 
28 1 57 0 
29 1 65 0 
30 11 36 0 
31 11 65 0 
32 12 44 0 
33 15 43 0 
34 15 65 0 
35 19 65 0 
36 20 65 0 
37 20 65 0 
38 21 30 0 
39 21 65 0 
40 22 64 0 
41 23 65 0 
42 25 53 0 
43 26 65 0 
44 28 34 0 
45 29 65 0 
46 36 65 0 
47 37 53 0 
48 37 65 0 
49 39 40 0 
50 43 47 0 
51 48 54 0 
52 50 64 0 
53 50 65 0 
54 51 65 0 
55 51 51 0 
56 52 52 0 
57 53 65 0 
58 54 65 0 
59 55 65 0 
60 55 65 0 
61 56 65 0 
0 1 65 0 
1 1 25 0 
2 1 34 0 
3 1 65 0 
4 1 65 0 
5 1 65 0 
6 1 65 0 
7 1 65 0 
8 1 65 0 
9 1 65 0 
10 1 65 0 
11 1 65 0 
12 1 64 0 
13 1 65 0 
14 1 65 0 
15 1 65 0 
16 1 33 0 
17 1 65 0 
18 1 65 0 
19 1 57 0 
20 1 65 0 
21 1 65 0 
22 1 34 0 
23 1 65 0 
24 1 65 0 
25 1 65 0 
26 1 65 0 
27 1 65 0 
28 1 57 0 
29 1 65 0 
30 11 36 0 
31 11 65 0 
32 12 44 0 
33 15 43 0 
34 15 65 0 
35 19 65 0 
36 20 65 0 
37 20 65 0 
38 21 30 0 
39 21 65 0 
40 22 64 0 
41 23 65 0 
42 25 53 0 
43 26 65 0 
44 28 34 0 
45 29 65 0 
46 36 65 0 
47 37 53 0 
48 37 65 0 
49 39 40 0 
50 43 47 0 
51 48 54 0 
52 50 64 0 
53 50 65 0 
54 51 65 0 
55 51 51 0 
56 52 52 0 
57 53 65 0 
58 54 65 0 
59 55 65 0 
60 55 65 0 
61 56 65 0 
0 1 65 0
1 1 25 0
2 1 34 0
3 1 65 0
4 1 65 0
5 1 65 0
6 1 65 0
7 1 65 0
8 1 65 0
9 1 65 0
10 1 65 0
11 1 65 0
12 1 64 0
13 1 65 0
14 1 65 0
15 1 65 0
16 1 33 0
17 1 65 0
18 1 65 0
19 1 57 0
20 1 65 0
21 1 65 0
22 1 34 0
23 1 65 0
24 1 65 0
25 1 65 0
26 1 65 0
27 1 65 0
28 1 57 0
29 1 65 0
30 11 36 0
31 11 65 0
32 12 44 0
33 15 43 0
34 15 65 0
35 19 65 0
36 20 65 0
37 20 65 0
38 21 30 0
39 21 65 0
40 22 64 0
41 23 65 0
42 25 53 0
43 26 65 0
44 28 34 0
45 29 65 0
46 36 65 0
47 37 53 0
48 37 65 0
49 39 40 0
50 43 47 0
51 48 54 0
52 50 64 0
53 50 65 0
54 51 65 0
55 51 51 0
56 52 52 0
57 53 65 0
58 54 65 0
59 55 65 0
60 55 65 0
61 56 65 0
0 1 65 0
1 1 25 0
2 1 34 0
3 1 65 0
4 1 65 0
5 1 65 0
6 1 65 0
7 1 65 0
8 1 65 0
9 1 65 0
10 1 65 0
11 1 65 0
12 1 64 0
13 1 65 0
14 1 65 0
15 1 65 0
16 1 33 0
17 1 65 0
18 1 65 0
19 1 57 0
20 1 65 0
21 1 65 0
22 1 34 0
23 1 65 0
24 1 65 0
25 1 65 0
26 1 65 0
27 1 65 0
28 1 57 0
29 1 65 0
30 11 36 0
31 11 65 0
32 12 44 0
33 15 43 0
34 15 65 0
35 19 65 0
36 20 65 0
37 20 65 0
38 21 30 0
39 21 65 0
40 22 64 0
41 23 65 0
42 25 53 0
43 26 65 0
44 28 34 0
45 29 65 0
46 36 65 0
47 37 53 0
48 37 65 0
49 39 40 0
50 43 47 0
51 48 54 0
52 50 64 0
53 50 65 0
54 51 65 0
55 51 51 0
56 52 52 0
57 53 65 0
58 54 65 0
59 55 65 0
60 55 65 0
61 56 65 0
0 1 65 0
1 1 25 0
2 1 34 0
3 1 65 0
4 1 65 0
5 1 65 0
6 1 65 0
7 1 65 0
8 1 65 0
9 1 65 0
10 1 65 0
11 1 65 0
12 1 64 0
13 1 65 0
14 1 65 0
15 1 65 0
16 1 33 0
17 1 65 0
18 1 65 0
19 1 57 0
20 1 65 0
21 1 65 0
22 1 34 0
23 1 65 0
24 1 65 0
25 1 65 0
26 1 65 0
27 1 65 0
28 1 57 0
29 1 65 0
30 11 36 0
31 11 65 0
32 12 44 0
33 15 43 0
34 15 65 0
35 19 65 0
36 20 65 0
37 20 65 0
38 21 30 0
39 21 65 0
40 22 64 0
41 23 65 0
42 25 53 0
43 26 65 0
44 28 34 0
45 29 65 0
46 36 65 0
47 37 53 0
48 37 65 0
49 39 40 0
50 43 47 0
51 48 54 0
52 50 64 0
53 50 65 0
54 51 65 0
55 51 51 0
56 52 52 0
57 53 65 0
58 54 65 0
59 55 65 0
60 55 65 0
61 56 65 0
0 1 65 0
1 1 25 0
2 1 34 0
3 1 65 0
4 1 65 0
5 1 65 0
6 1 65 0
7 1 65 0
8 1 65 0
9 1 65 0
10 1 65 0
11 1 65 0
12 1 64 0
13 1 65 0
14 1 65 0
15 1 65 0
16 1 33 0
17 1 65 0
18 1 65 0
19 1 57 0
20 1 65 0
21 1 65 0
22 1 34 0
23 1 65 0
24 1 65 0
25 1 65 0
26 1 65 0
27 1 65 0
28 1 57 0
29 1 65 0
30 11 36 0
31 11 65 0
32 12 44 0
33 15 43 0
34 15 65 0
35 19 65 0
36 20 65 0
37 20 65 0
38 21 30 0
39 21 65 0
40 22 64 0
41 23 65 0
42 25 53 0
43 26 65 0
44 28 34 0
45 29 65 0
46 36 65 0
47 37 53 0
48 37 65 0
49 39 40 0
50 43 47 0
51 48 54 0
52 50 64 0
53 50 65 0
54 51 65 0
55 51 51 0
56 52 52 0
57 53 65 0
58 54 65 0
59 55 65 0
60 55 65 0
61 56 65 0
